[array([0.223696, 0.166025]), array([0.125906, 0.788607]), array([0.370443, 0.1     , 0.1     ]), array([0.9     , 0.391547, 0.1     , 0.1     ]), array([0.261146, 0.837257, 0.855685, 0.88976 ]), array([0.1, 0.1, 0.1, 0.1, 0.1]), array([0.158904, 0.1318  , 0.383454, 0.110947, 0.292992, 0.9     ]), array([0.1, 0.1, 0.1, 0.1, 0.9, 0.1, 0.1, 0.9])]
[array([0.971666, 0.994621]), array([0.98518 , 0.251085]), array([0.1, 0.9, 0.9]), array([0.1, 0.9, 0.9, 0.9]), array([0.179332, 0.906546, 0.867288, 0.935252]), array([0.9, 0.9, 0.1, 0.1, 0.9]), array([0.9, 0.9, 0.9, 0.9, 0.9, 0.9]), array([0.1, 0.9, 0.1, 0.9, 0.9, 0.9, 0.1, 0.9])]
[array([0.5808  , 0.403103]), array([0.44183 , 0.633407]), array([0.559175, 0.1     , 0.618789]), array([0.405673, 0.39064 , 0.346566, 0.428138]), array([0.430812, 0.766167, 0.350393, 0.947247]), array([0.1     , 0.1     , 0.477694, 0.9     , 0.1     ]), array([0.1     , 0.439365, 0.535234, 0.1     , 0.36747 , 0.975232]), array([0.1     , 0.058521, 0.118593, 0.021611, 0.9     , 0.748495,
       0.157896, 0.57673 ])]
[array([0.530137, 0.504108]), array([0.679819, 0.266237]), array([0.418978, 0.452988, 0.516531]), array([0.407626, 0.408744, 0.294125, 0.437783]), array([0.526768, 0.806704, 0.939242, 0.609982]), array([0.711119, 0.1     , 0.9     , 0.1     , 0.9     ]), array([0.1     , 0.199729, 0.201684, 0.103729, 0.310943, 0.748939]), array([0.150061, 0.263393, 0.1     , 0.078784, 0.681402, 0.155068,
       0.120381, 0.071284])]
[array([0.2841, 0.7542]), array([0.657 , 0.2123]), array([0.9075, 0.2348, 0.9799]), array([0.3426, 0.5587, 0.6116, 0.5022]), array([0.8599, 0.8208, 0.1478, 0.7718]), array([0.1207, 0.4805, 0.3357, 0.7719, 0.5293]), array([0.7702, 0.0324, 0.9482, 0.525 , 0.8454, 0.3931]), array([0.1979, 0.6828, 0.3526, 0.8593, 0.4179, 0.6602, 0.9075, 0.5593])]
[array([0.879672, 0.190177]), array([0.790743, 0.938552]), array([0.733217, 0.902473, 0.9     ]), array([0.685479, 0.75319 , 0.168306, 0.737342]), array([0.988643, 0.690716, 0.985391, 0.856409]), array([0.445702, 0.249091, 0.570676, 0.789337, 0.143917]), array([0.958389, 0.843644, 0.711162, 0.307427, 0.256341, 0.429319]), array([0.297223, 0.725239, 0.450101, 0.260713, 0.017052, 0.457917,
       0.171118, 0.506765])]
[array([0.047162, 0.569522]), array([0.51994 , 0.509866]), array([0.056745, 0.644609, 0.812067]), array([0.577678, 0.5001  , 0.677226, 0.175109]), array([0.723047, 0.530092, 0.811697, 0.798753]), array([0.756618, 0.789573, 0.700148, 0.788363, 0.930751]), array([0.394426, 0.606437, 0.005884, 0.800916, 0.534595, 0.33779 ]), array([0.919172, 0.231566, 0.578186, 0.028455, 0.467396, 0.882039,
       0.141356, 0.363101])]